   1.2421431e+00
   2.3348046e+00
   1.3264331e-01
   2.3469988e+00
   6.7389056e+00
   3.7088873e+00
   1.1853350e+01
  -1.8707854e+00
   4.5024590e+00
   3.2798363e+00
   1.7572682e+00
   3.3784243e+00
   1.1470346e+01
   9.0595416e+00
  -2.8174477e+00
   9.3184495e+00
   8.4210660e+00
   8.6214789e-01
   7.5544377e+00
  -3.9883270e+00
   4.4970249e+00
   8.3062275e+00
  -2.6069534e+00
   4.4800554e+00
  -1.5073673e+00
   9.6283590e+00
  -6.2500378e-01
  -2.8015898e-01
  -1.0117321e-01
   7.4911834e+00
   3.4492085e+00
  -4.0705510e+00
  -1.7480843e+00
   7.3176114e+00
   1.1552244e+01
   6.9762965e+00
   8.6259390e+00
  -1.4937856e+00
   8.1353418e+00
   9.8358766e+00
   8.7256175e+00
   7.8626691e+00
   1.0378418e+01
   2.1569760e+00
   6.1928045e+00
  -4.9779585e+00
   1.1694030e+01
   2.0093448e+00
   9.0916205e-01
   6.3589285e+00
   2.5424801e+00
   9.2777895e+00
   4.0017789e+00
  -6.2859563e-01
  -2.3429246e+00
   4.4828742e+00
   1.1342105e+01
   1.1171635e+01
   7.4927089e+00
  -1.2165585e+00
   3.4427246e+00
  -4.8805891e+00
   3.7525605e-01
   7.5530827e+00
   8.4357108e+00
   1.8048051e+00
   1.7980896e+00
  -7.2123756e-01
  -3.4374984e+00
   5.2374846e+00
   9.1516244e+00
  -1.0777135e-02
   2.9141333e+00
  -4.2260437e+00
  -3.5427174e+00
   3.7234601e+00
   7.1622656e+00
  -4.3975951e+00
   1.1652830e+01
   3.4566372e+00
   6.9126457e+00
   8.6531912e+00
   3.7834624e+00
   3.5458639e+00
   7.8305554e+00
  -9.5217727e-01
   1.1032285e+01
  -3.4933700e+00
   4.2311613e+00
   1.0358684e+01
   9.6424676e+00
   5.7351564e+00
  -5.3982031e-01
   1.4432991e+00
   7.3450428e-01
   3.4811345e-01
   1.1100754e+01
   4.0979050e+00
   6.9332372e+00
   9.8756453e+00
