   1.1717629e+00
   1.8823554e+00
   3.4282705e-01
   2.1056512e+00
   1.6476588e+00
   2.3623765e+00
   2.1211766e+00
  -7.9712021e-01
   2.0310951e+00
   1.9795313e+00
   1.4709548e+00
   2.4610672e+00
   1.9818928e+00
   1.1202852e+00
  -1.3701397e+00
   1.0287304e+00
   1.3807704e+00
   1.2178235e+00
   1.4083926e+00
  -1.5208724e+00
   2.3881414e+00
   1.3682297e+00
  -9.9119802e-01
   2.0456873e+00
  -7.1916443e-01
   1.4128871e+00
   1.4789525e-01
   4.0247523e-01
   3.9212724e-01
   1.3949197e+00
   2.1508126e+00
  -1.6038757e+00
  -5.6510510e-01
   1.4494307e+00
   2.0077717e+00
   1.5654509e+00
   9.2077948e-01
  -3.0838877e-01
   1.1414546e+00
   1.5950321e+00
   1.1620196e+00
   1.3665559e+00
   1.3596056e+00
   2.0666331e+00
   1.7779095e+00
  -1.6942251e+00
   2.1346928e+00
   1.9221703e+00
   9.4870075e-01
   1.5030352e+00
   2.0884899e+00
   1.2275555e+00
   1.9671808e+00
   1.2501713e-01
  -1.1813651e+00
   2.2682710e+00
   2.0343778e+00
   1.9130043e+00
   1.2571767e+00
  -4.3840920e-01
   2.3377298e+00
  -1.4860570e+00
   8.1341626e-01
   1.5714659e+00
   1.3242354e+00
   1.7304581e+00
   1.5400972e+00
  -4.1704261e-02
  -1.3721798e+00
   2.2081153e+00
   1.1718142e+00
   4.2413595e-01
   2.2643926e+00
  -1.4192846e+00
  -1.5011527e+00
   2.1200465e+00
   1.4517493e+00
  -1.5990128e+00
   2.1215361e+00
   1.7080061e+00
   1.7471908e+00
   9.0302504e-01
   2.0958237e+00
   1.9744402e+00
   1.1578630e+00
  -4.5044438e-01
   1.7651026e+00
  -1.2828881e+00
   2.0858834e+00
   1.3242955e+00
   1.0501404e+00
   2.0126373e+00
  -1.3282607e-01
   1.4319692e+00
   8.5151329e-01
   6.4654095e-01
   1.7838535e+00
   2.3289020e+00
   1.3157936e+00
   1.1213807e+00
